# seqLen = 7;
seq1 = [-1, 1, 1, 1, 1, -1, 1];
seq2 = [-1, -1, 1, -1, 1, 1, 1];
# seqLen = 14;
seq1 = [-1, 1, 1, -1, -1, -1, -1, -1, 1, 1, -1, 1, -1, 1];
seq2 = [-1, -1, 1, 1, -1, 1, -1, 1, 1, -1, -1, -1, -1, -1];
# seqLen = 15;
seq1 = [-1, 1, -1, -1, 1, -1, -1, -1, 1, -1, -1, -1, 1, 1, 1];
seq2 = [-1, -1, -1, 1, 1, 1, -1, 1, 1, 1, -1, 1, 1, -1, 1];
# seqLen = 16;
seq1 = [-1, 1, 1, 1, -1, 1, 1, 1, -1, 1, -1, -1, 1, -1, 1, 1];
seq2 = [-1, -1, 1, -1, 1, 1, -1, 1, -1, -1, -1, 1, -1, -1, -1, 1];
