G=[
    1, 0, 0, 0, 1, 0, 1
    0, 1, 0, 0, 1, 1, 1,
    0, 0, 1, 0, 1, 1, 0,
    0, 0, 0, 1, 0, 1, 1
    ];
niterations = 4;
SNR_range = -6:10;
ebn0db = SNR_range / 2;
sigma2 = 0.5;